0.35270958958333009647	0.33983211579464994712	0.96385228742391182433
0.68909524985882497639	0.44909833778014107697	0.12419155282518506977
0.72204356392621882321	0.63887168225477986017	0.050382945434190841427
0.058037754093527814392	0.95614491355944364326	0.52870221447555887373
0.16872273088958728016	0.041808770192927037501	0.19045122593818533674
0.92290760793975046283	0.47165868475027683537	0.58042038944000140521
0.52696356646369313381	0.13227889443272336512	0.86726317669106656183
0.28262085756027593986	0.27224833588817975993	0.59284370375686967769
0.42129061333895695407	0.38614517687119831457	0.72362243706149398381
0.87750466861070197666	0.64033554493041244804	0.30300849101452065337
0.27980864843182462476	0.4655530158147332398	0.12719672805838647123
0.87359317507303724248	0.50094845515507968603	0.12687656077628844953
0.56433444749617944769	0.039128143642376350675	0.82544930191573873124
0.42608851767294153579	0.49079186657898177248	0.66017101015412316123
0.66215044902187680798	0.33740942727783951316	0.13098848891662551175
0.42120749139554647389	0.045104230479185832003	0.73123723629746262276
0.13688827673030332099	0.96098313534504486988	0.81244441377909570878
0.95756332088171558503	0.5334979173053961965	0.18751160263613997348
0.22697808093135737884	0.78671106393326195594	0.80150679126549417841
0.35914385906960605288	0.76472205087124045519	0.047942785621391044437
0.6604771298222427145	0.43701327312904791889	0.7047014799860126244
0.26486609948151418337	0.1874054825347911124	0.52887037619565990809
0.62402812396318596555	0.054116877206795699351	0.4897769568964715492
0.59044723967650836194	0.86327485826051186812	0.34220340964143192153
0.39225364742574236887	0.9561164939742902158	0.78053777125799916892
0.24567751285798275496	0.77716837453315379403	0.26263525478371202437
0.24896435598293634173	0.045464818811062575332	0.34137533840819506148
0.43423235155604122948	0.25126014327961787576	0.25150225132796882876
0.23376985689424714665	0.96663306337970755777	0.92025737720364986227
0.37008056651217940969	0.54099703341111649024	0.47697328969208829808
0.5127319058456764056	0.24405953961534576635	0.96309442823695035063
0.15073945914705624838	0.89182075576389185922	0.12127099973276116163
0.29040844640427804224	0.7319829416178795789	0.63553300560339720526
0.12978180096819330602	0.86989897702804008794	0.52236662793459864851
0.25572056491158956515	0.56250640387706185575	0.95463127311802864483
0.85794010215927118956	0.44731769328993703505	0.42060952600367373932
0.26672853721882422429	0.13273705125392470938	0.80409333415753891927
0.10220123711443014625	0.34184135317702041279	0.41583368752906629817
0.78009608966906418548	0.14232383952798802196	0.95746973634123899721
0.34895296497060745988	0.25142135601731802064	0.48980878888671935956
0.68252524958249394249	0.16711831774536775597	0.22781564800882653232
0.95715294225812375117	0.57491529334478796986	0.30361075509838569841
0.94330892799795140746	0.96049425397013965533	0.23752852453338926808
0.043049471294329240412	0.79123385525086131764	0.83641159188980573891
0.12867164334444225471	0.057955616035591378532	0.52790910138143154473
0.69024531469427530261	0.53194587001525772685	0.047554554902257788196
0.66369355103713334465	0.87435306626740794123	0.87044414628273525381
0.22330942983821389092	0.32293744289501769007	0.22099592336274892501
0.51563347952760585358	0.58156712725151360477	0.36495892063249391057
0.77849873392000967787	0.7450100019085630354	0.86054758166093658911
0.36562745095278093022	0.13642133995353319942	0.76509492725289285353
0.95774412841649514405	0.11632219213561431626	0.062065409493467400825
0.8671551212188615132	0.4834918638599171592	0.94146172711756614948
0.77871065841158992882	0.20906507307149047037	0.22310515413052889322
0.14422005587351527378	0.62687898924200913253	0.78201731398045637444
0.54877117808090536411	0.046236926054695259847	0.95138307424707468929
0.43334405575550816181	0.30232392325388474097	0.1560875685496763976
0.60700271053834198298	0.53232175639690360036	0.73452058311511014832
0.21061881029646040142	0.28805215862839211871	0.1188702739472959069
0.87630503468106302201	0.34380451083000679313	0.32011000061159344821
0.038178198374306575313	0.83969202853654356655	0.46977069616161948318
0.50715048275380192333	0.86982212140977122061	0.7230763076449653326
0.64169898677154868505	0.1258443671142316922	0.56670761110343637057
0.95960253198056733037	0.59333112501820706175	0.85977786423380553327
0.9598088313814606698	0.78452673296972375017	0.21759392891787465718
0.044544348396333796614	0.52313670165730241646	0.040104648078312488124
0.4487915907542007754	0.96001044711950822563	0.25656783592758392043
0.40550740944179314296	0.38381926276318445446	0.85281826695061280219
0.75785198751524496252	0.41462746051555998683	0.3640969806676397913
0.80534398276416996332	0.72228119974794391389	0.70603727080062206323
0.95595318250999483656	0.5111792579979315132	0.77126167799374933942
0.52303279669413982322	0.90325091136492940969	0.42603336353020637706
0.68751479207259247328	0.93751586906195893967	0.51019485059858282749
0.41424336412931545004	0.16329455253863889297	0.32486443444925011681
0.18637978300679272636	0.2906220033782653811	0.37633868388768909607
0.41415954944808647253	0.85858441337161695017	0.53397157849464205182
0.47638261375800450281	0.71017601267610053206	0.24057041748143709325
0.63174113022276801033	0.18645531909779530788	0.4769757003011276808
0.54212965418065139911	0.78701704971977826109	0.27902077727307211807
0.6176044897187853433	0.86528722099097377107	0.23461012837419220611
0.30599799149472828308	0.52225476293817341134	0.85635326272337297659
0.48941073002374990697	0.33056913459457193394	0.62342669273873241309
0.51348978850780657712	0.44118009892673470951	0.039378420857415601108
0.67896703016750370452	0.47227101113391267706	0.31762899885459489058
0.043244656886845346533	0.34779810907818803356	0.33275312019895286753
0.19246486389863970423	0.78537843421951369915	0.36905245703689443237
0.04585575975993545772	0.39406022153458131196	0.83407024026272680306
0.17645052989651202613	0.95773851739395876592	0.36504184422916291508
0.32583035951949929077	0.23520470807546173253	0.7806621203630789152
0.039266070169991146299	0.91068088889584031254	0.21239638208049263501
0.32698924292601699859	0.67430954328925429841	0.11644867203669438671
0.54912728860095139094	0.67368349157696760798	0.87384361456962245107
0.69237309879635078325	0.77819794578917034222	0.39860138687489821141
0.20568439142218386539	0.39608658405412933146	0.1500703485985875052
0.81463371181828703183	0.65630248475138497355	0.78139585991378401886
0.76755128478517298252	0.011158859370888219581	0.24096396494756472384
0.66430574575792378234	0.95777079910365836568	0.78762117477461202064
0.87112302708112965277	0.7075362818172393764	0.59420649402622627289
0.77700430449175827974	0.45872964223192891353	0.8687097079588781412
0.039558309863074188339	0.91186097089302520224	0.043726954796894347555
0.50205861831026155073	0.37694596443585820511	0.12092856574841412409
0.69800543278890014864	0.60618872000917589649	0.7728706795952638986
0.78217806000210998718	0.85712606597049822987	0.53706388146442940457
0.86488234065665148265	0.8721382824136377776	0.47029829551581259217
0.7638418665112890471	0.41591006925837298303	0.77113150133123509189
0.23133811530886116969	0.95818750793737361704	0.26475393200928726278
0.12454348461606028209	0.77537032750202228293	0.88304288769930183722
0.94404709502559824852	0.31927125762433178346	0.84926168231174670176
0.58134095459799262073	0.4687155449122577533	0.93997670694816903847
0.9484917843794600234	0.042569351807684160938	0.78257021442889540541
0.30577748763722178982	0.4055123777201473656	0.218479245725391652
0.86239876832103523618	0.95376186429741460771	0.64942684372675363313
0.68312863879518603838	0.98917866025036083055	0.66892227068511556087
0.58759758333111100637	0.4853636802614946788	0.64375571935157860359
0.45090918773931992769	0.31956324544586517389	0.33313060363823793208
0.49635474908941473737	0.45491153400377898341	0.86499398327810206322
0.23544680550023291965	0.38241944097817398562	0.54144052508846773897
0.45965612322762272601	0.22439186679942466074	0.62884738450859600789
0.995290795624412028	0.058529186790265412543	0.37193411088604910741
0.041965003213188523112	0.49156140793606478701	0.56429316041016952532
0.85307133239939181291	0.19893637824518001223	0.66652911834979855499
0.41651978225124658417	0.93928800506297371875	0.59828012282094755747
0.33954783009528893833	0.30052804839916463786	0.22034014874059590361
0.96006216432084245938	0.24864444469697943862	0.044591587374782137854
0.43252384106870839231	0.66799152003778694553	0.76799344010083514522
0.67448995055743177218	0.038261488300926703443	0.36416781710679640982
0.99409222481625625356	0.28063128506671153328	0.65753360940489302688
0.3230028801022042928	0.10949959994045269096	0.33186904026138180912
0.89481284630701984906	0.96126877809542310427	0.86616455279709014814
0.1377094303342482895	0.32369590332687936396	0.28599412207628693849
0.31829183235414160169	0.95502340633447246887	0.57109674847387292829
0.73445341771886285542	0.78474674158371149346	0.11510344673305773766
0.84895844206366777307	0.049979279735328036027	0.8379896602094790703
0.80001389681317103264	0.55630891575824747974	0.049381610049675048191
0.50997946662021775843	0.44847856137380437413	0.47408060720704375823
0.93071629739759398348	0.67731202763334563688	0.78050781632663612797
0.5645963003587163298	0.94462671053371261021	0.045105554076395507068
0.62738954654128653576	0.28671961673420132133	0.48396485432032215757
0.63941065205510227987	0.21282715506080590595	0.64450487821532465027
0.32115232141946326028	0.9489927881228790163	0.057936206455682565108
0.073626322629429002964	0.95796711827775893333	0.12771879946897216063
0.13171028497481226949	0.13201729304293946532	0.23484191044255128822
0.43914506604645087151	0.65282077614817290989	0.86975972935394196828
0.77984440991855064063	0.74569934381036706572	0.51970269571981653201
0.6899129155071836994	0.76060728703125934924	0.59910335834271277733
0.34617488450410865974	0.77310835927726040406	0.22563946905130444209
0.24061399545527201171	0.4486662525222279152	0.62332150544923270452
0.66031772366631258375	0.11973856895219699148	0.13759769087719284086
0.35876831478631870942	0.70448109018476734455	0.41276925766724070765
0.81518305823909897878	0.79361168303127427315	0.42874172683411582163
0.14479845784825798316	0.50956263800841161693	0.78360420689345233747
0.37529335100116717472	0.49992201990632478825	0.15076439960538795537
0.95898337737150540772	0.55501569741248268919	0.53253137481340273585
0.23813510787036992755	0.14622277481306886204	0.056742602679422993184
0.84573585242262272477	0.76350376482606618911	0.16049663502420669081
0.95895689967952901789	0.71710751760015034595	0.68812950651179705108
0.94681031252797309694	0.047218246338210617674	0.45945297963091763505
0.46606748218452531685	0.56330603021808911546	0.052583406678194118122
0.59609282450133993514	0.04794630957785341735	0.63419193682428720571
0.70238737731348965809	0.46687319294967599692	0.59230106522664038859
0.2061917931123476988	0.62158456662181049701	0.39571283562414583113
0.20730260689510848771	0.42716006099123543516	0.25611686536617239707
0.399324925329765823	0.56176160257715457291	0.57744344601899522118
0.40469303773463966012	0.2351335252432268097	0.94413692533102577809
0.86079088570921979962	0.27851981121139213204	0.72691709184282005118
0.84734981697058420202	0.95954194004880510871	0.9555439446402808068
0.36124022383462706109	0.071117760522806813817	0.85877762176269756278
0.062965618809696630165	0.13310606903151459002	0.3393934425177566605
0.88394009343580182136	0.58195792910936805509	0.78867242254872538254
0.90978619592010601114	0.56574497938063317282	0.043961322495401203292
0.88347844996512081561	0.62333413020129857518	0.52424793728191643183
0.29231491561213546193	0.28545687001919178849	0.4071777056665232819
0.30019353737010967542	0.13781014233286176252	0.16697647718762823055
0.32530836754397585153	0.20880844020997030297	0.6774878808857298651
0.85826378436701156183	0.86846361645722880418	0.84082819132660779893
0.67113501025054278504	0.9726564283674724587	0.88538678042403695656
0.21799005421448916509	0.96439889647111054494	0.14898528878748523718
0.63352004529856986714	0.24819753079326764555	0.27367548103584315999
0.45518156897662365168	0.23046004044172579972	0.51406200775607813203
0.95618173266897721341	0.37633417486962766896	0.60730605544470517287
0.5957248751486501348	0.74036202092792957608	0.44990766850532226684
0.85298817310014984905	0.9578164158007658191	0.77121858091356132459
0.29225099453617703338	0.76903555958748193166	0.13727625635230400469
0.46954041355454023687	0.71102405006567048762	0.65287567192500983726
0.42282754111563330968	0.78638139065173695563	0.95845030916096429774
0.040082457753229570885	0.047249027826995269874	0.84109488971389234635
0.41821257032315656277	0.42726297157260256787	0.95322165706981554223
0.75322978654622796402	0.76989234685301921601	0.215987167183858908
0.13290774766421309394	0.34372329794720946072	0.51865732347426229953
0.58109769500704755441	0.95020324616457318978	0.50302964751780476771
0.33985199057556852997	0.95763037252109750597	0.2727749626877873923
0.58473493341712068361	0.95092336348066075491	0.70322397431174321625
0.2647179441932355215	0.5194841828935963246	0.047588895590797736235
0.85408358336549849987	0.43938222298031426316	0.3222790118950704108
0.9420652839914697152	0.46677684923811285644	0.26796520125568318305
0.038923904228394985705	0.62167070271928137615	0.05401859581236762714
0.041963844465176348975	0.64339043528663331095	0.32365146376316317189
0.30301938090481933541	0.71115986294996813566	0.87102248797891135279
0.39056650002216741768	0.95594617029486983473	0.96251068194629518793
0.22728510937071136344	0.7624571997497400222	0.70441431813108923432
0.96193462675579510801	0.60708647144731930911	0.71877848547842182469
0.68796360007212498111	0.41687459179053887315	0.22695018504883521238
0.14089884391304940969	0.45940979905370554759	0.68138965340935153669
0.27044331009765415486	0.50766687656648989968	0.22163766876534507499
0.25457178865802421175	0.67800382032146311317	0.95538488453498027209
0.87277564141769481409	0.22445109019996073441	0.37309478208224872153
0.8724966061258133676	0.20555391393806654587	0.94178310040750445875
0.62311436458541658023	0.077930565882996211124	0.89557969442791296455
0.68880900879444151297	0.50914540112477790768	0.21837793519753140314
0.044017778346107670762	0.24751882540652361819	0.40052206844339416358
0.75027633835011486862	0.94144389668715278141	0.1305549960226453643
0.73954922438817471964	0.8677752138250798275	0.430812189426955372
0.12507047543790300592	0.87212387941932434376	0.41103438282074816756
0.14223568729844540681	0.86872962053997926368	0.64042047253085465641
0.098214795347113470481	0.82816259790030199994	0.17573088088162294729
0.15208285676443941692	0.95585973287949921318	0.70548596246256622955
0.33770316701746611043	0.63615061992539345681	0.80630746230658334461
0.058954080193792869624	0.64919257680554254275	0.70353699731093211067
0.42464803297107817093	0.6221890136358079193	0.39320689485782578387
0.27075827045343409116	0.44436188939115356389	0.79877380099359129861
0.23704907616409678917	0.3711717837413973653	0.33377366335307201428
0.038167469063411368912	0.51541926384148872842	0.85886697334965300676
0.96266843225241915949	0.74400059664367668155	0.32240193512006393162
0.24370399164826556104	0.61672142503143900782	0.86200994535908392891
0.95478127445110660965	0.13432605068104408463	0.52369065063642494806
0.21048588601106246743	0.22493079209361949156	0.93117859201594699314
0.26199721898112188212	0.11258082151289286466	0.45854409115200345237
0.22728212691976432125	0.3876106974530770799	0.71704539944218759207
0.78301445473206288117	0.63817922532442694639	0.51229200933955287844
0.46528849441398528741	0.14541307763224739502	0.4359037431908373561
0.66453515641739424602	0.66514918161489555715	0.39340597209716088312
0.41163668564736982658	0.17289011348431559956	0.85365919826963032602
0.49344534510039711472	0.36889287780883894818	0.80593918095536221102
0.2411707883857835133	0.88458168201092579608	0.85968243875732752723
0.79301275119866088126	0.30511312567599091494	0.37307275520973154359
0.81434791465070111016	0.47873982310827162268	0.60631156878516767605
0.62940138952382918003	0.94681614754183274218	0.5980937122330595157
0.64564653990207143686	0.55027861395474575446	0.96000140854368398724
0.93701229788984607971	0.048613220322101406701	0.1338180816224684988
0.28034761509032102289	0.68771555154035457491	0.22602859666682437179
0.9456163134586684782	0.72199457618809914639	0.1394116651747455693
0.85322676397915186985	0.86146037467137892563	0.95992819512222671285
0.61697854299125987065	0.52206367228929528856	0.13212394862357879077
0.46250473085911664173	0.55205888374779510386	0.19598957452012455427
0.40877129823860697266	0.47779826248718043624	0.058349759898157577132
0.58155370299217679086	0.048118133331241319528	0.2994736635751203413
0.58372293410500208921	0.30653484820363574581	0.62342148552856380128
0.36032562318472732832	0.1354920237415290496	0.95656374919346787156
0.7022204141310511849	0.68395154989526685263	0.68509574393053573882
0.69254488390419288724	0.80912306490358953948	0.5063264092043311404
0.20917814382755409164	0.41414341726532716281	0.87423205702815642848
0.13760726301835218832	0.29397211594025779435	0.95919797250600147276
0.75592316873558162982	0.24190087198633977716	0.94813795777032106038
0.042962415456395737501	0.51740538920951495427	0.46425909572823637061
0.40591142039999317248	0.082238741225885356179	0.40146629046888870906
0.63922538823105889971	0.95444972053036258863	0.31038054599780562359
0.31917164088077942807	0.19734571732007677447	0.25519894447885910216
0.19902946491787990024	0.040452051571737410174	0.43779958541656871507
0.2252472095478396108	0.90181741556769179358	0.55426904330547932531
0.96031705322036986505	0.95382817908965744635	0.59832433517599692419
0.054836255606326364531	0.94037336353670730738	0.65461705714514806242
0.84990419108880799204	0.37903716657335206897	0.63062713747536336406
0.048870671742917953795	0.96416016878674681845	0.75744148175979841842
0.033817395746216269425	0.72161883457946152109	0.41638034299278731121
0.18366452630075105756	0.22389145049669928467	0.27998477578435981838
0.2415648464589384703	0.6861618218624584431	0.77841246117857165743
0.51372123653621570849	0.54864553193403209352	0.66922403802841623488
0.95525186673245143787	0.64808261319181281745	0.6062311386687910808
0.94783980914376497751	0.49115778603532939117	0.36906587121561118536
0.95396539591770412869	0.45688327671596146162	0.68459819444171965408
0.76641119485715991644	0.68335061662593277187	0.14182470091911678067
0.11719007042053954104	0.22742443963709813026	0.86924463324882750292
0.63797093627095013968	0.61781972609285262799	0.49359701104652226045
0.77620927155752028614	0.60155311400344357864	0.69090239734052028009
0.19736540262834043058	0.49037057430329472618	0.5349191049313438695
0.40541711257722878869	0.43238702398971606833	0.35799360120171941357
0.6688035019218824262	0.36059887312635291456	0.77648162692595501522
0.50443381325698422035	0.8456478212758816726	0.82702147302882744739
0.51029016923111658599	0.87522774547575243886	0.22048459620150126503
0.84750956290976087182	0.13836713021915797439	0.50478439240976569202
0.04449589947416262431	0.82335130276618695433	0.26255776355209670125
0.22055573665007383033	0.1987473728132231332	0.73770136813256870223
0.22620606582943897367	0.24018112671211813702	0.83443075150325407563
0.38508714178320280208	0.86778736749963858443	0.032596249074814627467
0.46514606964456445271	0.61601229207003094235	0.59819794672790727041
0.78420189473470636177	0.10783877893266574644	0.22742943218966962804
0.041702637881842717638	0.90679321334521556519	0.86298900637482134357
0.72460138675372876005	0.14233042771728618425	0.32225127664746372469
0.11718009417461112964	0.45229429417573141503	0.86707519336735328075
0.60644004788093830438	0.72520902572613477055	0.65361098114645843626
0.70154350406700083376	0.86627107072943143606	0.60608555592017987479
0.19250373653882929537	0.57628472007727982174	0.12191248734772604234
0.95448398220707242334	0.056859140538985879221	0.27702676747812948754
0.5685721689843389326	0.45104710189344660032	0.77430989326762167391
0.54745763587248663651	0.2340527262891364535	0.68587392046118733635
0.1197985216568378114	0.63875161028134164187	0.6111262650687249165
0.21897186254940423367	0.20974371079177592248	0.19020921969355331083
0.12744214841256099047	0.16050724058976484354	0.95564812254314779327
0.12424276582904524024	0.95787818334694296851	0.22767345859312157486
0.95815428851988138081	0.28503854384546822853	0.54582695234591915856
0.89919226434858690045	0.86294585990038075174	0.1824765585757851527
0.61716791632520184852	0.94338068366576899315	0.96008233995310110487
0.043072032598729867447	0.16401521911451996671	0.79458249737721375894
0.047262191828845417918	0.053624473357672911011	0.47358035831454808884
0.79609692614421612156	0.95650979751837816867	0.040141580143346025644
0.48913980267775403199	0.86410064342353087863	0.93189373992236479438
0.88305187012323171913	0.87209922909210579878	0.73369286028584079773
0.17012150113607560353	0.50345897721803345437	0.18785689878334346781
0.86684508217973299526	0.95441591236638445572	0.1094862682415287114
0.95104239500660625595	0.39078874195896096122	0.37379606892767441861
0.31025928770832816861	0.87351754220934585415	0.77090460034129515421
0.48054108686079155532	0.69453839214362156351	0.95958484321477244272
0.15259045421781139429	0.25850889327696613407	0.67478341037169164984
0.76642128448683666253	0.70058147464435027718	0.41208066640784535295
0.10252893519490816066	0.041582693529980431502	0.38353329576728512063
0.79579143778067762405	0.20868053067765005015	0.77242585583447198605
0.62000799437916354062	0.130952966582906144	0.80718219241001099018
0.94570077424731657789	0.47412665684849175651	0.87245296847430153786
0.089536444159214634286	0.85690720327958413982	0.95220026385485834197
0.86855766251028154734	0.2342230850270905218	0.17190835508247651053
0.59769458888355497805	0.37742713612863637573	0.42036269835938999684
0.95564475298540030312	0.64195507851025579438	0.95058759561327210719
0.47095090358022739796	0.48108961511551068257	0.7636214775953217293
0.76727692046753959154	0.45277422373099535102	0.052177425086126258402
0.13145788597284407961	0.73231760576220339409	0.66628107066028885441
0.046804456853013660933	0.57376496259194054161	0.77615520025594575415
0.051527131894546551738	0.1381903087427418797	0.89307663969000505855
0.13841274535583825145	0.94605332979961420659	0.91464065319367815476
0.12676598374356554122	0.32536264293752920063	0.15696345198446506886
0.49981343238063713486	0.036871753546913021982	0.049299517790510116733
0.95514387075779350056	0.96060143237167860963	0.34822947365169415468
0.71350046609462591807	0.0400880711385349503	0.15446583430486263144
0.042078307052599107918	0.46326821009570307019	0.16805495055610433774
0.95040269112779873772	0.40406365538921662495	0.95318754843847164349
0.67716163079079205733	0.65065584300240153492	0.58819225177782574754
0.72189652100464063444	0.049170580718049639035	0.84349578785226131394
0.95649360646830017263	0.039961407326827499964	0.91028363729904970825
0.68026151635093512482	0.95634420332586278501	0.21810582899196068185
0.82578195731216408326	0.59123516245097851307	0.13930456368505098053
0.22641671541152127989	0.78073203814009295431	0.91083718150316972384
0.13539600743925844784	0.50112307802773614629	0.28566044512128951904
0.94718206673223714898	0.29591151889060446356	0.95034374509133601183
0.25440470745657467466	0.87277512340506724353	0.13167511025284533988
0.79129574709792527276	0.039583725972622677003	0.64211744627709155253
0.51111026769513090429	0.33675927272084293929	0.23479545567364204506
0.80063064222254720637	0.059222594729516506162	0.54552731690144573573
0.038113740494828324268	0.15406448129541910896	0.44094774186366975099
0.87188702033295628624	0.1255656813666947702	0.76497672145266759625
0.7248255801949722299	0.041898376550819391162	0.46090763475623264256
0.95605146550828390417	0.16157902264075449383	0.72433646622204295173
0.56817733227637889915	0.63981274846012503588	0.60955372818464537144
0.58706280013185041522	0.41142811116981514719	0.14814143329121065573
0.30116532682033270163	0.63453535377188807765	0.70219324815925798777
0.9456842628020082353	0.95174097187707773493	0.0399387080277641901
0.5425120724711059994	0.65544424181695826181	0.50824098555683561163
0.40856397171109726241	0.39506595566937169339	0.61293456423938630362
0.94859256650614232065	0.12460563622450179788	0.8439281882843786553
0.57017387992870360858	0.86049873514714936285	0.12663813230245637986
0.28366501657708304007	0.11524944882913035205	0.59599306389490147584
0.71888057736001742537	0.30227352207677798956	0.22014010149709137276
0.2352504336593862766	0.49014488172732684212	0.72017214367623627602
0.51624228928301452157	0.37752161844469767082	0.95630196818544843662
0.94789492900370631023	0.60903297402648226555	0.12716154869103327152
0.6226368060964189155	0.37085128453294324835	0.95543951943861804565
0.45697485464428799773	0.71228483157633037948	0.5422446132697965604
0.2544347811717845298	0.7313310959579261139	0.04117088956982508513
0.19341676291095416529	0.13028415981896174225	0.88135247959196427736
0.79288392646720462498	0.12038632264261674154	0.41068106409956606218
0.047198364552487721835	0.57835929149792619786	0.95287802587918590813
0.29769740798731703091	0.95800598218137322792	0.36670333564776297353
0.15349239260149100117	0.73962344368438015518	0.97194339072619939657
0.61711148480414956818	0.1572699284287154553	0.32519174635128816897
0.18800129359552697483	0.23482945654711143146	0.034109626383944741113
0.94735821789491025946	0.77513145000644867455	0.44117249631719990255
0.8827315302232990879	0.78236988023678732951	0.67648510171732023633
0.39273680878343003586	0.40279803496066274304	0.135810291820504081
0.2917465244181003392	0.55107954064484254708	0.54323818152719760555
0.68879381393775584996	0.49516360924807656385	0.78221435555215323987
0.045038768297098102922	0.42354644234774779799	0.64681141828410282368
0.15040774573751095056	0.64650918913859867221	0.038117793086763843147
0.57711088664597443021	0.99065136841488410369	0.40861484656477542465
0.43553931509482202156	0.10729044402873484654	0.037992002692851224721
0.82216029656867006814	0.87761184894282640023	0.363290952514637
0.049264383383208876221	0.34222642768976319072	0.91870434703569203716
0.86038485959605415232	0.59751169115273006227	0.95941364545447660461
0.95762167604710024538	0.071034020946531287177	0.65506004141581219979
0.43326709678952146643	0.045551049387407539781	0.94743464310521119387
0.47233690142866952	0.76742872868868483582	0.052002484921255968942
0.25984325630347315794	0.62709686824287780293	0.046096017277240074195
0.67709326734712471652	0.42713648841895685004	0.85815320966041641615
0.59833528747773645495	0.4118357302339087922	0.29926219403958659315
0.37101414842982716191	0.95144032161464053843	0.47411329217287928595
0.4848466752935487456	0.5080812439833104488	0.96008799584998616439
0.22606054732266941953	0.93878072092942621563	0.039963959409961488656
0.32191062268970305205	0.79176856103665427256	0.33305093472589653025
0.61600500923673939813	0.44808479051819705141	0.043489411592952442742
0.61990191838884500797	0.62210816590551476502	0.6911011407726519451
0.33433483292130505848	0.5379354265161876425	0.74987399269069965335
0.89233831472005209484	0.043326324775313333759	0.03678291659720873269
0.67987503659644732412	0.8145598419726959305	0.95787317687464024196
0.11741301451118253685	0.3555447045405114026	0.67927707765146216889
0.37769554186671494556	0.87486072215163679378	0.31494271666895623518
0.14528909688150792867	0.70551275006508651355	0.20638315647693780686
0.86557699060378268108	0.70379015438069192356	0.4589416799958712101
0.038955765682760754021	0.16022105872022782136	0.24208261466921865424
0.8475134856851502807	0.60895844342739613442	0.42175177213482789584
0.31568028207057013956	0.41376807619449545994	0.89694335184469786704
0.86403416035459856825	0.52947309926286867388	0.69827333383677359091
0.69443699422740245986	0.040706525397333194471	0.56895309200102306413
0.043662897278438729531	0.40207480308811349712	0.51264652604569527217
0.055015346879451747231	0.05638180818935585592	0.95780146849965264177
0.57182245754727178966	0.31317276930585441486	0.34160224332706856654
0.17848086724041606344	0.12177425811519017318	0.35028491214366586082
0.39056727947270575285	0.76959201438811386531	0.47915587922189689651
0.46019022483891575126	0.048982626863286762853	0.84803336358240533066
0.63031731966583204319	0.79895550388793568075	0.72692537196359563456
0.95079710528219241183	0.86946806977286350548	0.28621130130055483232
0.55932556199382810203	0.64403607195423273613	0.413736120865577095
0.81049092464330629859	0.10250681267651073902	0.046065359469160897798
0.053896124698790924545	0.14236266210872855487	0.54722032830143452209
0.49611344923074984781	0.41372615783528632338	0.307304494566775388
0.047923985211250096083	0.80792960042812700383	0.66619137042164011664
0.49314567367457212699	0.23496513683020761598	0.85139624578169115221
0.86829432783911675298	0.94758747280050847905	0.54510910981369387063
0.95938429621350240772	0.79048873278144726751	0.057123729122891771237
0.28753228053680340848	0.78025457534788078551	0.43295524994628070692
0.4474253144955996353	0.9507508383566856125	0.86994321170429411705
0.75091131051019710529	0.61507040829685666328	0.95947916146342315802
0.51538696391580929301	0.13102176479171762091	0.32361111878473786119
0.35236974763112421938	0.57265103038557285675	0.23264933466500647974
0.044628019700486208643	0.23488807164382916048	0.95115491423919351632
0.70555967055494761553	0.70727247692217465325	0.95504136264613992413
0.96288443423253555764	0.95526012794759129765	0.14067097661032409994
0.96206248696939844489	0.47645099775408811249	0.078754925166906977752
0.33188389191614270368	0.95636688357613597322	0.86390254200717142563
0.044809078960791039192	0.66891611180083043742	0.83107958773238332917
0.23497202671044553624	0.12215124334472834966	0.25442214643735855395
0.13151515519912704288	0.45034546303307815274	0.46677590611558711364
0.43231156060517000883	0.85263114928353578303	0.42822909884458865148
0.39998113403910401376	0.035059733014663752027	0.17090445633431017303
0.2775469503457207443	0.11676629278738663575	0.70008420681651239992
0.048647425145397410473	0.61841080296531925065	0.43041018162454625084
0.29947040182606582404	0.62038188806558902666	0.30463960370777248832
0.074417896190965546199	0.55270407846849078926	0.13150642154280309248
0.87085952263012611496	0.66361939310175677154	0.87265991915239182752
0.7939761467772303849	0.78216773903095015985	0.61361163657123074522
0.71408013665932457137	0.70455979448606931292	0.31776886145353117064
0.45391979630991996508	0.84097742484902582305	0.13132233154647884876
0.58298092664010603414	0.39158679343709090759	0.8551356404931077515
0.52632011140358347934	0.95753588144982226815	0.60891924774752037575
0.8514110742117815267	0.42263216552083621158	0.52640345204013005986
0.1652257753131585738	0.61137059134764737411	0.95020530982538975451
0.5108557377390723353	0.56944627493826027731	0.7732988563359431966
0.15246569486316782771	0.83746345037767944142	0.037465725344442098177
0.52793478509515723296	0.77376226839616202291	0.59665815046770398489
0.3897795106777336982	0.29322499429832488138	0.58019957736901250911
0.93662953567240880837	0.74174807348046556399	0.96377530039573766629
0.15308075687787542352	0.53656038241669379296	0.041675958144116662107
0.55333272406811329081	0.6045304038645080702	0.13253353552641458646
0.7644762659426267426	0.35017573677005175981	0.85512900499160449108
0.42414968295411048516	0.12037461639619601028	0.13452153536621422325
0.14503688125321248514	0.7866766266994864587	0.26657292931544035453
0.050633088654696796482	0.043965240512416868535	0.17539384516038733497
0.042349896559267949381	0.61231196221177008887	0.54790410403644618231
0.33828958844615503176	0.13944220073521942926	0.071000925473121326292
0.45689284242287425686	0.041129663306346785079	0.62478351482532767935
0.48555826234307036815	0.30297462981829093032	0.72423073705297069669
0.83227422913085546963	0.23511816817396288815	0.46010790963056208414
0.44916501774650402501	0.31773804874607813886	0.91157049689820435212
0.95789140478429157799	0.66470537625943759696	0.24217439933259410356
0.13668836849026280711	0.53284044618042492036	0.39430180301457656844
0.29716468536999890437	0.57837702509448063459	0.14149606793378186054
0.66788252844002526931	0.23488180322845073067	0.15358654627517387414
0.31022969588148202602	0.18200647670758429708	0.87801822825818098828
0.86006248923662553807	0.39069875978294532626	0.12169666276697341245
0.33118417745155004361	0.44506598228864746591	0.69514114491223732983
0.38592764126298317873	0.86801888026984275193	0.90667706694556005065
0.95391995037103027855	0.3598325425146521872	0.25781310211064184523
0.87181564829776891923	0.28661338519389190083	0.073022538580211765469
0.52974095949931310212	0.95144197512829575825	0.32630857015600578386
0.25604181925448682433	0.12716318955340069619	0.96002785544296886933
0.67282138062454199812	0.30706688316807401185	0.68438513813741885805
0.75877681311293088129	0.30456542491128307804	0.75240164263569009329
0.19561739113300102844	0.8860827484164428558	0.76420203108464646036
0.13332372043860893362	0.41965251074356890726	0.58157776493320678668
0.94661362653561365033	0.54876325244771517742	0.63239753364625939103
0.63604822927467052907	0.77296353291351693748	0.15504933981963786582
0.38175232826341198855	0.29421295898578303518	0.68899867056695185408
0.86137937370536266091	0.46898407066374259156	0.80970861227985091446
0.31634911179158825556	0.6029181624115260707	0.40431898276880023912
0.96246460673956879539	0.72436185391494356534	0.86614299477634970614
0.061194406874129220197	0.23517618249333829827	0.72498391146870766466
0.21931026121002175633	0.2012912533053017039	0.43281989072115073514
0.89129870876306682703	0.21236727579743375216	0.55108542610187927213
0.41922310246584443272	0.041918187125150045691	0.52689845852357986011
0.77941558694425416842	0.27607129155955728583	0.13801611191585436145
0.26511781353676378004	0.70291889874087931656	0.35838782757210529972
0.64608552404281349713	0.046800565978653473065	0.75389712378091888745
0.48324847586604657845	0.039958100649592792619	0.34964946795514906253
0.73649964779172094609	0.92832092389129328147	0.95653952760955351931
0.95503107702387624034	0.83860726223844661575	0.85656470169251708313
0.85032114363185595796	0.53049806299297519452	0.49244955480381258361
0.067729145355230294112	0.67616237878441298736	0.93667048219860227221
0.26274229744752047866	0.83323434293527520733	0.040524367589960974545
0.36783612698221862525	0.30063792045815013187	0.070847534819731147748
0.72568612395029674644	0.33667511434349461918	0.94866765937333663583
0.51375730784406992147	0.65459027759534682556	0.046109751632559710377
0.60690242706262131911	0.61247306904094966917	0.81198240775431618221
0.56288867844454792966	0.93958099619132939839	0.871977897076849362
0.14494879613636876825	0.15866629858575556633	0.80105974068625029894
0.13484124027225374842	0.41518203718024204729	0.34561435506617538271
0.71409348392579863329	0.14396263776699869119	0.87179564246187657428
0.76645899740622180918	0.58719153778447186198	0.2288181148460051717
0.12724795624133475314	0.60162917705222729303	0.21148902951128992211
0.13696253650737674756	0.12740303698907037844	0.44585209396208502763
0.60829664370459968215	0.84790206429934888988	0.44270617740388085171
0.20176517133273094706	0.34002169686225280909	0.6236470194308147974
0.74116089187110323344	0.28289491346387946047	0.491090988869195888
0.84382463546860830839	0.57645702544006716117	0.60337872527269498235
0.3717290234402157445	0.45688747987620964564	0.79482944242723863049
0.32066650299457610807	0.49954436200421847847	0.40285207788059640421
0.68881919435161742538	0.55298092477711957571	0.66238156042305018634
0.48760781741571490588	0.38848450616309931904	0.40892135603294232915
0.13967403543154333079	0.39894531106490310757	0.96176800940067230794
0.7209600302924439319	0.7077143333729636332	0.78107594157465487505
0.74889182855716462939	0.89637297912967817126	0.7875385257620896029
0.95906948437103567429	0.16563937235306019913	0.32982775626859489604
0.51714160559725963484	0.16468431188254537001	0.045950909752823322629
0.85969235226782458881	0.76763559537145775735	0.061334663197657235401
0.12792377988756678531	0.68094326774641078526	0.3846806332146160412
0.14049082784762551013	0.34922836606934370973	0.055231319292505159924
0.76226320728417640282	0.8543423727560592873	0.038462522406161353539
0.62531753956442548414	0.59417898834148707987	0.21056761746646432409
0.88379312438683466091	0.17826966875110331068	0.04080712135120759948
0.13788303712622465569	0.81513958731322500029	0.7304375368714329797
0.75395807205698006648	0.64290070705096691306	0.86379665304545116822
0.11381570500041211791	0.4094217584008841837	0.21849887684956376122
0.47669601427807700711	0.86680882926175473191	0.32714203288658350033
0.60956148024766187987	0.037397232438702028567	0.070730353099286213947
0.72910021610805131331	0.24002454097166053826	0.84422113967654677236
0.40768079758878561503	0.67172770037969331547	0.047544678645222784863
0.76958167340125072098	0.51498347519072074085	0.95860495216847163569
0.30184753981158712888	0.35256811682877720049	0.13015721325590950963
0.95089154524637320431	0.418368145363724242	0.17019051329413767415
0.48054020743889153122	0.5126725286077057353	0.29032939001840002424
0.6800382023822766353	0.86458916082448766804	0.14714108928681113309
0.4804327671651804077	0.43840312614348520004	0.2026638182676709643
0.62413662328041319416	0.95219618799307870205	0.13254328732424897064
0.94865536215075607629	0.57600349883630341807	0.42800100449537475944
0.13303878968935126115	0.24609887456388288007	0.46376056197900800138
0.57509704529525340622	0.28981885119192002387	0.79283674207319054794
0.94309301429425407282	0.66399146693197841351	0.38501324611262338626
0.64923670669779187659	0.66870470646287305527	0.12962503831257959908
0.54905966937727579413	0.24805552856651960636	0.54344231970044087898
0.87005111276954605337	0.44754250253379179725	0.037134763427363152999
0.89892392719769043108	0.81375817079646839414	0.3549670645771197397
0.3096682428572545831	0.85297850525973373248	0.50950407103264894193
0.62116974666933122418	0.63982462224137581774	0.035674657897269874962
0.8100983181258912813	0.85619531193554576642	0.13114539158247265349
0.88985661112559111263	0.86679858509009399814	0.05365016093428964794
0.47320198623544124095	0.70178147551447822572	0.43477764033589777481
0.60479854904993379794	0.7329034017960665004	0.54581097241606280068
0.61553608164011330839	0.21239875762759888311	0.86879655289120516493
0.3426546075919954526	0.60554248442644764694	0.91119789868620082451
0.33636748875398553293	0.45676561687893152408	0.57656065118117238999
0.4742811380458809567	0.11962528414068733518	0.77862380912956463686
0.037977582775365233136	0.36218258706972283889	0.1222172632010569554
0.95393934641994415635	0.52907031960286921013	0.96074450617311979439
0.40367168985708401507	0.89291307531861408009	0.20252580833740799204
0.95461114773680666445	0.8786951759842663856	0.41239042184625068765
0.60440123993596839291	0.51531138954055899504	0.85396520003909603957
0.25903785539491835932	0.047163264177148452039	0.87003700739996570057
0.26034076173631187645	0.28709323799839703284	0.70937132153154991432
0.30174508261101534723	0.90129978644230135387	0.95643997809375558283
0.95394640601828573079	0.40756835409541802839	0.79349706011805010153
0.13546392597425299664	0.57156667932983906688	0.69962097159111669153
0.041106341235843071868	0.45316830784466471949	0.94643069893531039938
0.30385698040077330218	0.24803420119985522541	0.95541504864300219602
0.52242235551633375845	0.087474441611862033263	0.1328180055523404679
0.59312392178818407196	0.53393038929270753012	0.30105188450606018558
0.58139905365430177842	0.69999234632221207786	0.21534612622548213179
0.33187191225937978656	0.35187114894336291027	0.76683976308766799157
0.054648830322096574041	0.95017482584963819381	0.31471635664841529634
0.43420657848509291998	0.77994339462318562628	0.73598061044494245131
0.15657670509802673608	0.74816255358669603304	0.077325207405715842834
0.95432592156810280848	0.85800755998470468189	0.52902250980901943667
0.68523057369770368208	0.95707762215034475339	0.045567986684792852192
0.69767548589493788569	0.80559342303503822524	0.80658344456597463878
0.20498482842924878322	0.43134580201692462875	0.046030639236919509982
0.37230210277085323822	0.1343686660188763704	0.49920769829557548602
0.50870208365770008818	0.79143684040466077967	0.49133766889784102894
0.51514299567817400938	0.76782855754653744906	0.90195859236612541121
0.55932889963845811021	0.816420209085682691	0.031396869362662879754
0.85494563924712985159	0.33333414899647378915	0.20907125431400805371
0.79146377076766072367	0.34580071795271699608	0.053143634142364878925
0.057600676714562808189	0.86668642669155659952	0.75548214147594039414
0.95803054970428547232	0.86168376838243687654	0.6591781777456789948
0.96307443789815794233	0.21719729248784441777	0.88624789556959648884
0.79498039415966481602	0.22326317549272556295	0.04286065508571872823
0.77319135100389491111	0.046551184393015060392	0.76083348680458118274
0.48292467930401133946	0.67291552214900463014	0.14607852015535366386
0.5706198967708815406	0.54278054823269072937	0.041026950488779703741
0.43592279846179271541	0.8033132118179220349	0.25101241357965103917
0.50502397561346534793	0.69249608306924115286	0.33720777897424708547
0.87336918461113277612	0.66418298666963959676	0.18408117480756638895
0.5135494792190810065	0.87536804603634821298	0.54807114736825490731
0.7824851629643548856	0.95937460949696073964	0.85950941704163241752
0.062303004224852173709	0.13679868166106853855	0.14023583421405236282
0.037204034434115816621	0.042997033232343224995	0.58554040928189721171
0.50640700904883440003	0.95694791578176063851	0.78550320218884084333
0.2992371768178074265	0.46031849363685112264	0.31004982464137548215
0.71455415109186348754	0.14055281507850936329	0.76669023261487589949
0.85165267270471289862	0.71805084868869772929	0.35718207842077992487
0.57314482351554096873	0.48031253525927486425	0.22328557409738128414
0.79594785923199840028	0.68409175509062591924	0.25324758112674283783
0.96359337401854905369	0.11775890883089019934	0.19554853124897100813
0.38994388931572560031	0.20775220115717205061	0.16813391508111436012
0.68608474058024615516	0.21899797114933627906	0.55661500627085658266
0.34694396879896688413	0.50216826635295974679	0.96296522708650966749
0.31561344058889762021	0.038382953537298217239	0.95822233685109670098
0.56338503302112563631	0.35449980523582907965	0.52466049534197256587
0.051098776404931420259	0.95338749474177886256	0.41973420293292040828
0.5803830181076977679	0.34323405687676528109	0.046543802276921335259
0.56054765645052972989	0.47463228201824114727	0.38341408143616290127
0.060379478280043100136	0.82158611145721049951	0.076115794807811235079
0.31614291632615265648	0.79181304136664998339	0.95740787444170882825
0.52729857835115867548	0.7710579287039732721	0.71222986669461640918
0.64741061492427576241	0.63297644364561311825	0.90384341693376357707
0.51107795784630483116	0.42630611400395013177	0.6869245679608509958
0.45504557700251946351	0.13217429679069295223	0.56446398933738017867
0.56491449994935061252	0.5433486132788970524	0.45979442376742618581
0.68151901207841447672	0.52254142041622086978	0.48844961540843795378
0.04692558112135159637	0.24550963027327588062	0.51603533818508484643
0.59169308780110652091	0.72791032152365198193	0.96062680423469781754
0.78359897595663274839	0.040375394815387363745	0.93458473629936000826
0.24075662699235653164	0.9590902403612561189	0.63988698668809140813
0.2593468534283384086	0.18768811637157253869	0.34542387392256407308
0.77971344140109710708	0.046922880154245727446	0.33744910985822762495
0.13530342171890921699	0.12581403981691158256	0.044220247940912033036
0.69401275224296332667	0.090998216440778642577	0.67036747231408955194
0.28491032148269473945	0.65001140686888714271	0.48793928140765058243
0.31868278815917072677	0.81512046862360487687	0.85502981014308587771
0.87599142212566283305	0.042123783822533941712	0.70540702925243781163
0.036515682660943994675	0.053531981048115663546	0.061556151375503818934
0.36722413396831765642	0.25408340371378795863	0.33501175655864334768
0.20574870573810385976	0.37352598942565118367	0.44351796531990839156
0.65653238429346505445	0.77437020391590771773	0.25790549406304513758
0.87536437500496666608	0.75693332375659461153	0.79588590767309674856
0.22194830966749629075	0.19408362427330322353	0.63299991408606448573
0.76473306041171706937	0.15693645315230203563	0.13392263678727658882
0.59034847690366298867	0.78669722299597288906	0.83215403157800360567
0.04047075251659822126	0.77308149925989810836	0.95129704000504677897
0.49164963107322812164	0.047311222449300180393	0.22783967528228438182
0.64796929464093677709	0.24666464213116501281	0.38315168554224154907
0.56693165097344921932	0.95927143059479980103	0.22990080866072590271
0.10716934396859585654	0.66466378049309160492	0.12049969153315769066
0.95610523543318659545	0.18510295718218330863	0.62199430284559464877
0.77650108949453966467	0.78845979139501309874	0.3215582391250657035
0.76600646872596522829	0.85436515096220344567	0.88581667209664971541
0.23557993758123027539	0.57561772556319945604	0.76717897466705875509
0.20973008691692673899	0.70758520375793276802	0.45574457065549844881
0.60138240738323034407	0.23714373224863927181	0.04845012333569014007
0.26337882963900027811	0.96038073985032601509	0.47375301751949960849
0.30471567218991824078	0.74304127989875057292	0.53494717593159257785
0.13625061401611104905	0.86054263700961119987	0.8429616878355519205
0.37447936910530249532	0.69686971717567691709	0.30350510105278444284
0.91059708498893787709	0.13484719030251104965	0.41401317888211924823
0.76115868747132153782	0.48969453741161894644	0.69293838315671563155
0.95765772145067340482	0.19686729671859440338	0.13432296108266905676
0.76218182225045416622	0.37811546719234218061	0.56608341658962391119
0.13636548711831544822	0.204248475227877202	0.12036136082479423348
0.74374115704497478774	0.21465559844709483639	0.41050440321679776412
0.59662412172733725324	0.8806687120282733483	0.78459354295313321614
0.43569916903080274651	0.20951739688946810491	0.73413395873422193638
0.058639419810551915435	0.32963121358411956452	0.58971067409376343171
0.64161425861863619069	0.26590900107047343859	0.95935740781548262124
0.1946646233702269968	0.7865833254087799542	0.16078053257669644438
0.42901807729197866115	0.77194081818340598566	0.36052034888435080529
0.13520524240236828084	0.60297227788457474773	0.31128461846744487351
0.11796314619963838011	0.67260789828058864526	0.49595343591229340552
0.29128469761321862386	0.04125653701682558544	0.23339302772273176623
0.040040117022395280144	0.27859465862493953958	0.82742807458347500393
0.52209866127016912873	0.28925983054422982343	0.4454726665076124692
0.62742018256794940267	0.55586478165778496763	0.5777280849051928957
0.85340696075320920944	0.35309626792773030068	0.79145729233652473145
0.15716599499483102642	0.040201911578866468544	0.29186322925382307547
0.84742094848383398009	0.31096479780648572655	0.96379183468287232817
0.66165826699665197808	0.31177691506434190849	0.86355880570755172432
0.84030429578133136737	0.85152194638641010016	0.26444175852498263968
0.33182030326302958123	0.80185724541970582191	0.69787046604971525454
0.47092929853358500569	0.95652334693317753178	0.49969472598581043954
0.95255781668722150357	0.46704550787873705398	0.47265281619145399494
0.7876576139669239085	0.37360325835701074793	0.45719406772067594513
0.11428493165689275479	0.78234563427745695829	0.57682663372060982709
0.69324645172679211225	0.67324137062316347091	0.22304091539194390026
0.85698822151840559069	0.95747315033118929328	0.30401455489645340391
0.67646601744486201113	0.34589104498676676025	0.3164814514056027428
0.19666253856184098825	0.61016620289898382268	0.53686995614472010629
0.70501661106765578513	0.2715973749965425732	0.059643551790352827835
0.42360340415382197188	0.56998104626067880307	0.80582435136466601389
0.10396054137587194821	0.039162204898316975432	0.65960631977677552928
0.034575662291333936205	0.072626529250038984742	0.73260330353104596846
0.50774551507623666424	0.565557437472077984	0.87338851963040176063
0.85892755353126615248	0.53673277308627675986	0.34713477713438317673
0.048591081665096236275	0.95412719863089123784	0.95238263704497683193
0.95179903780662789003	0.67860759451116381413	0.048751851898095624471
0.042253350878435153026	0.16759321459965390022	0.040834265410842618405
0.73227948853866597911	0.21154054420670070913	0.68050413043447521844
0.76439949966199760567	0.51160449615453273964	0.39441709535947322429
0.84505773978662879209	0.25749473879640566443	0.2785378864292285539
0.84867635008807607022	0.44402450352146011214	0.21720995865115397261
0.68523234435607194293	0.054064644517630856824	0.96130256907412880985
0.28526994799269561609	0.047630789209510214499	0.12752472872705669649
0.7231400466808673988	0.79242205887031880174	0.69601485333207346873
0.78544301978161468192	0.95610751724379017258	0.49248438177338965671
0.80044722947033630778	0.4046750140619881364	0.95854387976476318478
0.041447964894498333377	0.86574960564806224816	0.58125466601527586707
0.37955623666011312212	0.54125783776114533286	0.33124089758480745882
0.19759066750088369324	0.65549411907397470145	0.68317661614728342201
0.77848837071377174901	0.37062885191281375041	0.27157748183983326795
0.23854251888348537713	0.33535795482366503872	0.93764215472809842034
0.78353538876554851278	0.29321672607075588424	0.64459403294232087145
0.77917691148467960183	0.78816529370940491273	0.95836134977839504412
0.60232596099648272325	0.042851823080681222811	0.1826513984016117087
0.93393320150461700546	0.35508576270547209663	0.70925496014983446802
0.79130562340003551824	0.22537193062849303349	0.56910834975067692287
0.21415910860430362184	0.048866123511152069481	0.77801194416284469302
0.041584065921371204944	0.44281612451559931865	0.2840374134963107311
0.17168179767429855853	0.68739999239802840325	0.87442198343538801719
0.042988999416040757362	0.73970508659189071476	0.74701249174140005316
0.65915077992394854878	0.74941038402732951251	0.048227453932217584365
0.96506867753614478112	0.77089830989728014288	0.5898516410730888504
0.95201690577508468749	0.94372123506741800725	0.94192529556643200817
0.043542549703493686752	0.53570030343165631059	0.35138585367260966041
0.13548408955736276904	0.047716407399405240397	0.86769860982866342525
0.50226373645313093785	0.95475914865954725208	0.96180683134525812861
0.41326734781809476571	0.36747715130491848123	0.24253574438998329321
0.43542257050414973074	0.23852872876365543986	0.40829812952447641639
0.41133461896833439786	0.21445623867637911286	0.049112867366059839713
0.45781109045024642734	0.50739233279116657815	0.40747015034657196875
0.66896715333759049216	0.4498147109612743999	0.41698217424787814567
0.79808982139513207077	0.81074159641707033153	0.76811102923754126515
0.74511782075216026477	0.56152659279664818293	0.56739855451607812409
0.5802650455422535547	0.13407565111470617913	0.22972513688659149111
0.65651763935226847835	0.23311559854299823691	0.76011545377595901574
0.39291209178354569165	0.039133463319275064995	0.30376201003732988815
0.46219058387040357072	0.9587039808907702465	0.69097235276065449572
0.73689421088756323908	0.60204016259337866934	0.4392436364283018313
0.88485106173990291101	0.32542017313853843774	0.43153598813758131669
0.19167427374955445241	0.71219699017517579254	0.56759555420517993074
0.40745585214417434639	0.74935810091037258207	0.14225123547777643318
0.042575606558544948355	0.54208318823991874513	0.66254457119075016447
0.46240019875856575027	0.84016388602102864969	0.6311460167224574036
0.48183349418024923327	0.21326222941802155941	0.13657669565078492391
0.67678490939175006691	0.06604272657870444152	0.25999891152552806473
0.28212242091494177387	0.45863486222934685133	0.49057549533215283333
0.96363764915702088132	0.92921388759719358852	0.80297582179384807688
0.83094825391032267614	0.27138858587893488483	0.8679190941610119836
0.081367419473568444732	0.26092523664672689909	0.050029117467075237546
0.61159730495916320159	0.84379262424575440793	0.55219566834598643457
0.12647764828284605021	0.53461686520003415257	0.59442863748080043695
0.14561924884028154548	0.28589986746315854127	0.77211410308826788906
0.57504008256570138258	0.095633250973629083114	0.40249472911817485432
0.35389505422906952781	0.57790601796222407227	0.039931167303362449794
0.41660651294720868476	0.95478959480728042841	0.10152325477773915807
0.76952883549455086687	0.95823785411490403074	0.71205945412097793046
0.69653354633925457229	0.33636343613021219001	0.41228726070338655996
0.044754734496761663931	0.43275292713094448693	0.39927919451767934778
0.33537990481030566237	0.87212874220366265465	0.41023769968383000384
0.8737985490864177418	0.75101179840279930211	0.25887947694589058534
0.044317805565806937806	0.13530249275802147535	0.65279395388397343236
0.42067642605404809153	0.95666166938835472955	0.3818492926966894907
0.13687117758183525718	0.5078235728834669116	0.95211200074271484795
0.6099147082170878198	0.3354662972155079137	0.22535409242388115825
0.87423007046864986691	0.9573223516399210764	0.41178293393751108642
0.16047990789898261554	0.16757962420333452624	0.52995844097258004712
0.23831841666812347835	0.2889296995811983515	0.4958196630088272383
0.39467713597867143394	0.32909761723046954129	0.42814309982452586345
0.21377322575511870095	0.045847018954232300614	0.6736943319849054701
0.12248866716957712564	0.77470492099709531431	0.45272581137506123783
0.33441609948435557786	0.74137814067946772312	0.77796267710312438926
0.19634662663336285848	0.12022308237723292046	0.14250837644274610971
0.74671991789260461214	0.8698597542837918084	0.22513692537975715791
0.13560307200210827694	0.72948054899426717501	0.78424227035633120586
0.19260275305908133858	0.87313470240991064575	0.2216304567589437724
0.88017864056559047548	0.78352150705970013966	0.52546480917895099783
0.48439940885588228525	0.8902512102386131998	0.047594405476902475194
0.52344363753606437673	0.65683744706160540616	0.71738460555662708629
0.36522079405646407091	0.040013651990639047262	0.054903637695721943524
0.76350050755530929347	0.96372752882152357135	0.39708387966280417336
0.93924016222036299517	0.37045884507649173845	0.054723187245116225452
0.36865754817883622518	0.65636738726821985956	0.59585056964753180253
0.49183758301830399207	0.2827303470092786819	0.054241072331800505024
0.12445414767884423191	0.064857769229451897597	0.75975735679375488996
0.49537327789333052142	0.12769919327513448715	0.6759119127759029011
0.2108039065021421743	0.80293812086765337099	0.50215196524588701088
0.54440096611750632416	0.19085489133731808886	0.77380189580971792118
0.47222805888095115145	0.58579658861382033486	0.48539159743584608941
0.75241701574673391928	0.13986203758321344437	0.60208460771887983842
0.85316919283736103452	0.42736382409246209679	0.71478135780107820985
0.38318358953934639199	0.66650755456874422045	0.20617539120012542964
0.83026716747626960746	0.69722950839596542494	0.95810821078595342914
0.44086067357421621082	0.47726131213541816978	0.55131502533449805448
0.81477772334065112769	0.043731981718920939772	0.13041412785192207924
0.95806474966488586187	0.95224201975642508433	0.48597188375723804343
0.79264464137625800788	0.86958208617105503535	0.67258827439513657609
0.39495919676721685798	0.43257988620004578229	0.46708218637391796246
0.69252805036648545922	0.45157006212098460551	0.95351000903635685368
0.32733935819506976284	0.2990980287559715789	0.86751546673924950781
0.52511419785588964171	0.77619203036538797491	0.17159096299233164706
0.53603569107722626175	0.044547225757837725924	0.72353372132428972474
0.67772180487136801652	0.88974669736831335509	0.70633796936657633481
0.22294086703042431674	0.80674832157342690753	0.60505733211389567394
0.40830378554099167054	0.85519984717799291118	0.80551219767698001295
0.23824876310545659019	0.043268093540726998425	0.040035529246957246574
0.16042594869282827963	0.11264723883714718167	0.61594850588592564566
0.051808508725405794104	0.46293564411252241531	0.74854814245993928079
0.12691087682167229156	0.20957955859187302194	0.36046806100409617413
0.1408255589400012886	0.33337238319357009875	0.86394331289224235437
0.39135552822909069892	0.7708654649041641882	0.5987681014975224647
0.50854497515451746459	0.72881157706450061529	0.80192827468781957556
0.81752505823126508933	0.14787270172882963082	0.85783049565434588146
0.13872167375469190986	0.041588348753928278123	0.090012227972084468686
0.16655955080735704299	0.049282477801309038101	0.9617981199355020161
0.33124408726510068401	0.95303202563947153614	0.68892677915539612954
0.86943857353598064108	0.55333184144706348828	0.23841237364619138894
0.23164411412562924131	0.543894562515020219	0.32085230988218710335
0.34446166420396678864	0.04127310612346467289	0.63682340725176689311
0.97885425759588517991	0.8542928552310740109	0.1330150955290210768
0.56615610069162580764	0.29181743340147059396	0.14012200663337895379
0.60801459971790949854	0.45840042991533974659	0.52362517476058123567
0.9482655604490448642	0.22519575073650410779	0.45337790243775760723
0.04021238712730517556	0.34807272833590663375	0.73938151779464822422
0.19015227317273342145	0.68640846876353378558	0.29598043620943886856
0.53831533791664998301	0.14491071063795554763	0.50201026047364838423
0.046092466596322413663	0.24655858454270293545	0.29868695448275273119
0.51184663118249040803	0.23278625163966035205	0.32301885103842764568
0.76438665014932205555	0.38362108204461564664	0.15726696668438253091
0.41157081331124750756	0.50777870002599989618	0.88275611541935139481
0.32942371724943608768	0.85785550918436703771	0.61145538260863807611
0.16111770179113910073	0.26076244320065167237	0.56982160215026578243
0.47478104638690604711	0.15130608507214005076	0.2266072940112749956
0.71266484196633139714	0.58153634943540177815	0.13639321052968464421
0.67679275088539170291	0.39014526759429046798	0.5032980968691682655
0.69276131775474003582	0.3748334924948750202	0.040522034489963949799
0.12542220427134875838	0.56139218883862274101	0.48640487053127590134
0.88183600556199259746	0.05709985366117714678	0.34785903682578978025
0.57335110208037909363	0.15953845087039514317	0.9537495420815261804
0.58532082888978020918	0.85414547000695872914	0.6459264099832434658
0.058307641459506905079	0.42517821588453186266	0.046308989410969503275
0.60458209257547035342	0.13527854983193893235	0.70287196756769798611
0.45400446052139165065	0.34930977270017932179	0.51654100996992280415
0.69241654714583478203	0.85003374037951640041	0.32543166863820566226
0.31151270935868208278	0.36056822173012054167	0.63689192377994063854
0.87094034914594109509	0.78019565789772227227	0.89903855927121145708
0.87413044946689921755	0.0917492624160148873	0.93558496357180320757
0.96019194307189004167	0.8457328097717164983	0.9552790493336921207
0.052945263326236627344	0.71544755060230191823	0.2550385573224928093
0.66096669288130593944	0.93243235197124141322	0.4103920092687232124
0.73594401041562129695	0.14680697368336526054	0.4976030181527630325
0.61016179825104721601	0.74693909200501551471	0.3410762043805551369
0.24872646310688373283	0.8688450527965658754	0.68155810447927733797
0.035563847740620088689	0.63702265338672747763	0.18319015531486593229
0.74676367192983772458	0.93342677176512134363	0.30422985988736667151
0.084424287437190326244	0.76607609577414270685	0.34535046738327057625
0.29625746813593256679	0.23051607393224174403	0.04653144058507152625
0.57985195170305803281	0.35776667578279736093	0.71553161238831175517
0.43505124812601303486	0.36553725441900025706	0.036268793798553529417
0.23741833242991172703	0.5461928395842032824	0.45440167941243397864
0.84467072085594230302	0.042243601774121342096	0.45318375114911579882
0.53599043196956797086	0.049680214133635769436	0.55053912720540565395
0.86563495366624521044	0.13555634133639732353	0.13964165002522085923
0.05350035436199784139	0.72294070493900897123	0.042177746443977003066
0.25908842935113340911	0.96181845116818720509	0.77997769087005908162
0.220303583315185042	0.67641102832674804279	0.13713074552071913281
0.58437580874828831679	0.84219144517415600593	0.92675976523707126464
0.32564081177741927009	0.54515774598530042372	0.65111009780261042135
0.639800112988714198	0.55229565091704091451	0.39673504303376555535
0.34020463630655262133	0.17955250304434375308	0.40818520267103769461
6.5314257349876223501e-05	0.32770577407861900543	0.44747532009791929353
0.51196275437061944391	0.95805982453218019312	0.14141843992067040792
0.8896788513817791566	0.15589664275309222941	0.24941892798222126126
0.76488938473017109576	0.47199056636285863231	0.49616667544076614726
0.37859519620264847628	0.11250343878957590193	0.23586111830909184395
0.25469664700636218679	0.33525135298624714197	0.038868068029224503435
0.83363580822733829301	0.94369378994843333697	0.20395333965700893075
0.79429241502627012661	0.12707672423224075642	0.70053722981582189355
0.72516348218465254138	0.052328286910815327571	0.052293310807490590852
0.13393046996688429129	0.88153278285113745305	0.30752700133886035072
0.52214266410831478016	0.53656060094461999199	0.56597587550369699017
0.30896622257458877803	0.38682188368125391964	0.41453468822646727387
0.6775210857341139592	0.12437079869668418719	0.41376278022126233846
0.69258138213651387893	0.58169777032415204143	0.3061703311092046631
0.82512575422390699309	0.15105918599686093962	0.32249844534380428529
0.87263148174484650443	0.64710322041182999353	0.68339255366993723051
0.46664736674666529304	0.14457915522411055043	0.94668417944327876157
0.87287238899429075989	0.3859452594728461361	0.88643488018951077656
0.24095388495202635371	0.33604081581549144486	0.81482256175506240226
0.13010384914781164545	0.95623633126143592342	0.03708446883637206426
0.32176977128961459229	0.038709701376874364187	0.4222368370191301179
0.76183049090591414831	0.9512172724156257031	0.59596983323774244123
0.78332995724969112228	0.54140773935345209988	0.78296348998909703898
0.045522297053761748287	0.54645892430597076128	0.24506113638595997117
0.32429848528071936187	0.95653429081398155809	0.16668542588121387782
0.55815831201257892769	0.16068005793901202205	0.60116775681374590157
0.96278515185025770329	0.13877560090046259234	0.96101030743837900783
0.072137918518124427569	0.22389217499919980559	0.61363533216632248912
0.13255601669694924705	0.15471237637904655671	0.69938403643431223955
0.1451925142160295501	0.96237109334864168186	0.5899339144359853071
0.3650112150654084564	0.69521700486790305451	0.95366835262285987174
0.37495936488608277992	0.70126060292921865713	0.68949879885053677597
0.77969136427137974987	0.61470456984508736742	0.33676415529765091339
0.89401022288495723966	0.21475576568580645453	0.81410673955906942556
0.96078047545770128846	0.26117792722732530164	0.75726710008376185712
0.62838743487553705425	0.39010200725290328228	0.61268602984437003922
0.95337466954624816573	0.95617757887755416846	0.70428864082352371501
0.36082350262456408529	0.18934431933984446905	0.58001404600809047807
0.55688794897212079427	0.30208209045513856328	0.89759290020278148514
0.60374816087238358797	0.6491596737171929643	0.30616206924690780866
0.044025704123382344846	0.32981907372567770276	0.22436867945758445786
0.35373703562599584371	0.85125869333511705594	0.1247580113314831346
0.22024781612564572897	0.5590389574456101629	0.63677776665853202953
0.10996347640751637231	0.5880371123216635576	0.86882956291122759307
0.73706975728721757513	0.24878785135971753784	0.31137727546100518738
0.2159378970000125908	0.46662739057083135741	0.39027745907864813679
0.2465440902755083874	0.87007554469906267514	0.32621343956755999294
0.40641672170535647624	0.60164592277741590909	0.12772984158225847429
0.26639728072385376878	0.64204668805208164883	0.60230048590934337494
0.22645175037207987412	0.87662440226966931167	0.4295809005781922596
0.53097245879160392956	0.60834542796073931559	0.23987461813295046786
0.12900512720038762038	0.45533615686559170133	0.1092809634636000421
0.41642621717828193217	0.5932522524915189166	0.69233516425252727977
0.044715705761102023108	0.7458559408992677664	0.1510970623175439953
0.61411626740591096496	0.70215306449220460383	0.76895171235436499124
0.036722388069834827062	0.85152912328784124973	0.36135536380056570982
0.33649178566111814792	0.35527753276926737902	0.52305259900265499429
0.34389447429426528435	0.3565914337047629834	0.31892121485960872596
0.55166046276571123474	0.60709335893577776044	0.95676138171779745445
0.94295850500159772434	0.31120005784780407909	0.14970295024536323103
0.84539207350163880772	0.31520646439665106486	0.53403919540152933187
0.86974641518641959692	0.047043618772840745113	0.22431715862626161462
0.43236876082616182426	0.59451862105655695068	0.95803832094998142566
0.15256205462616653779	0.95786902120881989298	0.47483711619428881079
0.77562915999351356167	0.49603011802644719763	0.28040318081420562146
0.40921244304069487319	0.75528860179101409145	0.85477922608860179565
0.025777264713214016745	0.33427171377542863606	0.015350030991113988374
0.84974995435366673657	0.65868321796684559111	0.058487629041439510857
0.52182640406524471999	0.79248498483197316045	0.38917616209742988964
0.30024254801276983873	0.24534097981632940755	0.14296008935618015334
0.43590937341416369222	0.61842903552890893248	0.28465419384537216096
0.56544605556099525323	0.72667170849677886757	0.089270119020859156622
0.69239912179798579484	0.70255067647153046639	0.49355551488736626453
0.91911905351213740722	0.042262202115301718275	0.55946482684706488886
0.22333254937999885703	0.042940451679600762092	0.55515084330988828665
0.83169924794923144606	0.55852252714612782292	0.87352108718477528004
0.22674033156681364098	0.60213280160416682296	0.22821763146213722151
0.32210316039905895202	0.039659713692049257394	0.75804066104969791695
0.95943200925532134971	0.80832479817858127191	0.75719263531118496946
0.54745790207455535814	0.23531398168960751538	0.22671073606510644405
0.2995964460567399068	0.86642115497104388311	0.23083042169866116455
0.55343448717828169769	0.20155638037385723016	0.41004093446742412299
0.14451181337287946627	0.39939884259364982766	0.77598161429274215006
0.8722633918870715819	0.85721889490750502461	0.59942072626714948402
0.76835114701089557432	0.72785822000924083053	0.042311112852344560931
0.10768367392905721369	0.23805695372120200259	0.21611514455343597274
0.2680964704743954985	0.28064393514301405608	0.29776627182729986654
0.95537678324092101256	0.27876939733548689038	0.34789445251927009206
0.41300177743669108654	0.2851536150610399778	0.80660933043443872048
0.39355352097575307946	0.12737339460746160968	0.65967067611892205026
0.32527066638024548784	0.41798535884635196203	0.039556342630768154267
0.77640374321359784116	0.49110418581224307699	0.15871477689069027339
0.89360332291058020004	0.28457776589644401266	0.62951871967931760654
0.67677562354945053347	0.16823689414166473344	0.95858618959250585512
0.70826383688016514295	0.54532876662043594518	0.87238392829613986557
0.49413733324024750049	0.048176672463703162919	0.45469457285643766209
0.77500637177708298076	0.67045915886274520812	0.61252921187188447139
0.043534175139312569769	0.7422003695592997996	0.51820888181467827938
0.6609742249331270747	0.72879097366636291788	0.86910904318314785577
0.04099641424554846536	0.70426988840170612338	0.61687420603633913441
0.037852398246303126106	0.25325427490083363136	0.14384167361094457593
0.50984500807547861179	0.4966813850774577932	0.12404130428418959353
0.95460568279116264634	0.24575618895715739542	0.24005635798976321382
0.31870250947406825182	0.04696922096282600545	0.52717817937311239884
0.24635736351928397281	0.45613634519004081502	0.95926415810225373892
0.86863855637574194368	0.11402398878771938251	0.61199852303735613468
0.38554988141705720528	0.64894841001347247644	0.49842390537594444266
0.20277513362412474818	0.52156907769505933548	0.866995008092407482
0.70577783879308009229	0.16580522326209298778	0.054797716819221076179
0.39790426637357922957	0.87804712148847541275	0.69983336478659996516
0.61166276599004509862	0.12370427995849685165	0.039174703761738073615
0.93664546907235235462	0.3767791185829577616	0.50539300343746518251
0.38742707510382778935	0.47113369567390961379	0.25230705379951073875
0.1973114370774763926	0.86827294478409822176	0.95527810457215389661
0.6833770156887936098	0.31230140702124137286	0.58289498670317807516
0.65248702336541619662	0.86016283740242582834	0.047270551678556517461
0.51979701543236755956	0.42461935596266442428	0.58988650813225274039
0.58393010752110063866	0.17972214529917965309	0.13445928769106565981
0.055064992055444121621	0.045372523230614164591	0.27393685330841976988
0.74606528397929616769	0.38686793939453173463	0.6697901355102131582
0.95942347346705858513	0.68176044772183164167	0.49915879081751191038
